2
700 sigmoid
-1.24423
2 -0.25388 -0.626715 
-0.922313
2 -0.606934 -0.664559 
-1.0583
2 -0.272835 -0.862036 
-0.87321
2 -1.41235 -0.121288 
-0.998903
2 -0.217144 -0.93067 
-0.800133
2 -1.04328 -1.06597 
-1.08598
2 -1.09275 -0.405504 
-0.543496
2 -1.10732 -0.939204 
-0.432287
2 -1.02026 -1.18498 
-1.63766
2 -0.0216054 0.0687457 
-0.834453
2 -0.756307 -0.431247 
-0.708241
2 -0.932633 -0.980927 
-1.15181
2 -0.596946 -0.365836 
-0.497344
2 -0.543249 -1.48066 
-0.766058
2 -0.803428 -0.845259 
-0.696656
2 -0.45753 -1.08833 
-1.35789
2 -0.852583 -0.0911809 
-1.00001
2 -1.03208 -0.454691 
-0.68353
2 -0.663863 -1.0295 
-1.1273
2 -0.238952 -0.625093 
-0.734617
2 -0.8201 -1.03839 
-0.923814
2 -0.996345 -0.471785 
-1.62361
2 -0.0516607 0.0365218 
-1.55016
2 -0.981291 0.251325 
-1.14501
2 -0.651543 -0.448443 
-1.78426
2 0.451118 -1.52977 
-0.940811
2 -0.915982 -0.825415 
-1.49552
2 -0.778888 -0.0104164 
-0.821968
2 -1.24017 -0.351398 
-0.694406
2 -0.530826 -1.05235 
-0.602382
2 -1.98056 -1.96303 
-1.25033
2 -1.06597 -0.0886718 
-0.455433
2 -0.866477 -1.19312 
-1.21442
2 -0.728662 -0.742164 
-1.32207
2 0.00980081 -1.20759 
-0.71412
2 -0.601778 -1.10865 
-1.35888
2 0.00772178 -1.2351 
-0.732991
2 -0.474887 -1.07374 
-1.80113
2 0.0927284 -0.0161198 
-1.87338
2 0.027786 0.234767 
-1.59079
2 0.0193631 -0.259631 
-1.57989
2 -0.136225 -0.538976 
-1.25531
2 -0.101689 -0.505806 
-1.43034
2 -0.677464 -0.0876583 
-1.34847
2 -0.553691 -0.957201 
-1.10201
2 0.925063 0.658805 
-0.695352
2 -0.448684 -1.49327 
-1.36605
2 -0.61945 -0.0377695 
-1.14027
2 -0.284462 -0.572472 
-1.27243
2 -0.68318 -0.495831 
-2.09422
2 0.35301 0.35912 
-1.7239
2 -0.0803368 0.0665141 
-1.3975
2 -1.53047 0.198541 
-1.13238
2 -0.34313 -0.345116 
-1.39771
2 -0.999353 -0.0371579 
-0.9731
2 -0.988993 -0.455163 
-1.72115
2 0.499274 -1.4693 
-0.910833
2 -0.709514 -0.3603 
-0.940072
2 -0.901813 -1.0439 
-1.52698
2 -0.119782 -0.108587 
-1.71455
2 -0.0913624 0.176003 
-0.838725
2 -0.283769 -1.07744 
-1.70687
2 0.34495 -1.05185 
-0.690673
2 -0.944415 -0.889588 
-0.868205
2 -0.445478 -0.997434 
-0.976213
2 -0.928028 -0.186456 
-1.96836
2 0.233969 0.177475 
-0.932838
2 -1.48132 -0.243717 
-0.69244
2 -0.599642 -1.12249 
-1.17436
2 0.0148662 -0.889185 
-0.697292
2 -1.20618 -0.844757 
-1.2264
2 -0.334041 -0.429093 
-1.54801
2 -1.7725 0.319364 
-0.936878
2 -1.07399 -0.143079 
-1.5517
2 -0.00163913 -0.41049 
-0.319677
2 -1.1094 -1.19127 
-1.2918
2 -0.248476 -0.236394 
-1.73926
2 0.180942 -0.202026 
-1.19478
2 0.0301033 -0.974286 
-1.7772
2 -2.05434 0.668449 
-0.813682
2 -1.23294 -0.998223 
-1.77457
2 0.0796769 0.145082 
-1.537
2 0.0565373 -0.469941 
-1.46642
2 -0.956954 -0.215445 
-1.17591
2 -0.276659 -0.677988 
-0.876444
2 -0.407105 -0.841542 
-1.42861
2 -0.080168 -0.268057 
-1.56047
2 -0.197105 0.0581886 
-0.910442
2 -0.631703 -0.518781 
-0.638502
2 -0.862147 -0.923269 
-1.57535
2 0.0205645 -0.113655 
-1.49785
2 -1.10147 -0.118773 
-0.575874
2 -0.89783 -1.06268 
-0.965282
2 -0.322104 -0.865097 
-2.0359
2 0.319802 0.281021 
-1.10633
2 -0.370719 -0.590595 
-0.980986
2 -0.196759 -0.82756 
-0.851007
2 -1.04043 -0.378305 
-1.22503
2 -0.266169 -0.139032 
-0.615451
2 -0.697992 -1.14775 
-1.72601
2 -0.256312 0.176736 
-1.31943
2 -0.652031 -0.195527 
-0.980073
2 -0.48199 -0.870916 
-1.77936
2 0.491538 -1.52815 
-1.01902
2 -0.271008 -0.495291 
-1.61053
2 0.181458 -0.883152 
-0.374745
2 -1.09207 -1.09899 
-0.461183
2 -1.02905 -1.09823 
-1.57304
2 0.622031 -2.09357 
-0.523575
2 -0.902312 -1.06992 
-1.55785
2 -0.0674356 -0.446 
-1.21758
2 -0.449082 -0.511609 
-0.91238
2 -0.618697 -0.566633 
-1.70059
2 -0.20165 0.014136 
-0.900926
2 -0.100527 -0.976151 
-0.38237
2 -0.833384 -1.43651 
-1.3897
2 -0.239844 -0.254418 
-2.02162
2 -1.96268 0.853263 
-1.62444
2 0.110003 -0.593354 
-1.41293
2 -0.568412 0.00463864 
-1.05129
2 -0.155619 -1.0841 
-1.82207
2 -0.129428 0.0772084 
-0.804762
2 -0.743278 -0.755209 
-1.73189
2 -0.489123 0.0048418 
-1.27643
2 -0.42419 -0.271973 
-0.701327
2 -1.51814 -0.298679 
-0.809369
2 -0.341114 -1.28511 
-1.287
2 -0.661819 -0.246572 
-1.01434
2 -0.359521 -0.767624 
-1.10251
2 -0.550178 -0.926349 
-1.35749
2 -0.293158 -0.737172 
-0.581052
2 -0.996661 -0.967383 
-1.34807
2 -0.286954 -0.659058 
-0.860467
2 -0.128103 -1.2878 
-0.812716
2 -0.202032 -1.51247 
-0.8559
2 -0.381139 -0.966727 
-0.894526
2 -1.32044 -0.198678 
-0.987601
2 -1.15156 -0.181149 
-0.782051
2 -1.25543 -0.940128 
-1.39808
2 -0.983798 0.0731505 
-1.14091
2 -0.180325 -1.23874 
-0.652829
2 -0.512679 -1.33191 
-1.59667
2 0.0353306 -0.173059 
-1.8366
2 0.0401582 0.0436303 
-0.368058
2 -1.32572 -1.02543 
-1.55291
2 -0.0615019 -0.00481261 
-1.47035
2 0.215413 -1.279 
-0.372648
2 -1.16847 -1.32882 
-0.333331
2 -1.42622 -1.28911 
-0.766913
2 -1.10824 -0.653155 
-1.15246
2 -0.191439 -0.856249 
-1.30768
2 -0.15795 -0.27198 
-1.5464
2 -0.363071 -0.181916 
-0.962774
2 -0.396314 -0.515758 
-1.27934
2 -0.675324 -0.531999 
-0.895537
2 -0.630663 -0.991645 
-1.72904
2 0.383188 -1.24685 
-0.951503
2 -0.38777 -0.746704 
-1.05307
2 -0.760323 -0.798593 
-1.53127
2 -1.19221 0.212209 
-1.08011
2 -0.762271 -0.394314 
-1.13817
2 -0.234221 -0.801709 
-1.71176
2 -0.637133 0.111275 
-1.42515
2 -0.570138 -0.173848 
-1.16222
2 0.0439864 -1.56036 
-1.81984
2 0.17246 0.140984 
-1.822
2 0.137362 0.0401775 
-1.09763
2 -0.763922 -0.571266 
-1.44198
2 -0.316072 -0.539492 
-1.44578
2 0.0111767 -0.174121 
-0.661648
2 -0.970839 -0.91707 
-0.966134
2 -0.713888 -0.817529 
-1.05977
2 -0.757878 -0.510296 
-1.00647
2 -0.525174 -0.83867 
-0.691025
2 -1.08633 -0.642512 
-1.48549
2 -0.332563 0.0596733 
-1.6961
2 -1.02972 0.187655 
-1.14745
2 -0.590302 -0.730929 
-1.20019
2 -0.216379 -1.14753 
-0.808117
2 -0.0135641 -1.22764 
-1.81151
2 0.504157 -1.34925 
-1.14307
2 -0.645873 -0.944306 
-1.27206
2 -0.256575 -0.699899 
-1.53336
2 -0.243535 0.0957425 
-1.78618
2 0.0985103 -0.0694494 
-0.864132
2 -1.06661 -0.914957 
-0.876336
2 -0.734022 -0.587354 
-0.772826
2 -0.608141 -1.1155 
-0.557924
2 -0.972562 -0.976576 
-1.15519
2 -0.149771 -1.12315 
-0.193384
2 -1.39233 -1.10764 
-0.742547
2 -0.657871 -0.875466 
-0.802574
2 -0.83796 -0.445971 
-1.11524
2 -1.26544 -0.9706 
-1.85943
2 0.603992 -1.4273 
-1.50827
2 -0.0735466 -0.17664 
-0.759835
2 -0.909941 -0.700111 
-1.58617
2 0.15856 -0.346871 
-1.85071
2 0.20116 0.161232 
-0.597187
2 -1.03452 -1.15345 
-1.12443
2 -0.457023 -0.221251 
-0.986911
2 -0.761362 -1.09106 
-1.33221
2 -0.377726 -0.16525 
-1.72707
2 -0.605387 0.197824 
-0.531794
2 -0.73367 -1.22449 
-1.10286
2 -0.506056 -0.196418 
-0.855368
2 -0.592986 -1.00402 
-0.678381
2 -1.22752 -0.133373 
-0.644588
2 -0.857009 -1.07991 
-0.970619
2 -1.65482 -1.64384 
-1.08011
2 -0.596014 -0.425357 
-0.886428
2 -0.86173 -0.341532 
-1.53261
2 -0.752033 -0.794676 
-0.790368
2 -0.661957 -0.761556 
-0.973777
2 -1.29443 -1.44969 
-1.68559
2 -0.726785 0.312293 
-1.20968
2 -0.383473 -0.056644 
-0.683184
2 -0.970433 -0.62812 
-1.19243
2 0.012742 -1.21306 
-1.52288
2 -0.635388 0.0101651 
-1.33854
2 -1.07643 -0.108417 
-0.684226
2 -1.22241 -1.17612 
-1.40145
2 -0.462544 -0.273322 
-0.93431
2 -0.915252 -0.518829 
-0.976603
2 -0.957309 -0.414858 
-0.698867
2 -0.694062 -1.05998 
-1.71178
2 0.257302 -0.62226 
-1.47592
2 -0.177152 -0.325323 
-1.15309
2 -0.742988 -0.965266 
-1.20994
2 0.00819727 -1.36905 
-1.09903
2 -0.195818 -1.09379 
-1.1149
2 -1.29246 -0.0684667 
-1.07523
2 -0.57789 -0.802947 
-1.14929
2 0.0975376 -0.106331 
-1.09533
2 -0.206922 -0.71984 
-1.46909
2 0.00586709 -0.316684 
-1.04975
2 -0.168994 -0.693741 
-1.08109
2 -0.760991 -0.300571 
-0.597827
2 -0.541473 -1.47259 
-1.49993
2 -0.720995 0.072505 
-0.807878
2 -0.944168 -0.714756 
-1.73008
2 0.205543 -0.0842846 
-0.259284
2 0.557169 -1.56033 
-1.17612
2 -0.0903256 -1.1756 
-0.448592
2 -1.18692 -1.32935 
-0.862914
2 -0.379892 -0.737493 
-0.327119
2 -0.997943 -1.38985 
-0.740026
2 -1.10433 -0.827029 
-1.03062
2 -0.348751 -1.10528 
-0.847627
2 -0.965164 -0.309678 
-1.45926
2 -0.442774 -0.251477 
-1.05477
2 -0.393672 -0.786017 
-1.44714
2 -0.19895 -0.438931 
-1.6531
2 -0.151454 0.166616 
-0.697748
2 -0.346173 -1.24062 
-1.42079
2 -0.358846 -0.249122 
-1.50234
2 -0.844771 -0.0670013 
-1.57133
2 0.111622 -0.86622 
-1.57163
2 -0.000186287 -0.271459 
-1.53328
2 -0.169569 -0.30151 
-1.23073
2 -0.308976 -0.397871 
-1.64907
2 0.000437122 -0.242162 
-0.969139
2 -0.754321 -0.648792 
-1.42555
2 -0.385693 -0.103244 
-1.44016
2 -0.144588 -0.319581 
-1.44691
2 -1.15098 0.118778 
-0.644515
2 -0.822781 -1.04172 
-0.506391
2 -1.00547 -0.996801 
-1.17359
2 -0.214601 -1.16163 
-1.15113
2 -0.287298 -0.648429 
-1.48881
2 0.216661 -1.20268 
-1.55066
2 -0.418493 0.114404 
-1.57244
2 -0.388229 -0.309203 
-1.31621
2 -0.12895 -0.665579 
-1.29441
2 -0.654757 -0.780053 
-0.716788
2 -1.42383 -0.487527 
-1.25748
2 -0.462625 -0.0890117 
-1.26832
2 -1.0244 -0.257741 
-0.568892
2 -0.933765 -0.934484 
0.162404
2 1.41107 -1.75786 
-1.53793
2 0.0594802 -1.23358 
-0.507334
2 -1.14962 -0.918134 
-1.38154
2 -0.480857 -0.0980882 
-0.767412
2 -0.816502 -1.12008 
-1.20889
2 -0.247785 -0.194187 
-1.60111
2 -0.180294 0.0608942 
-1.47497
2 -0.0268958 -0.151083 
-0.822245
2 -1.07147 -1.16261 
-0.595418
2 -0.851131 -0.980846 
-1.89743
2 0.139646 0.118979 
-0.89139
2 -0.879398 -0.632278 
-1.15867
2 -1.10188 -0.0477122 
-0.8699
2 -1.10294 -0.0941382 
-0.930795
2 -0.69136 -0.638484 
-1.51481
2 0.0324918 -0.258399 
-1.47636
2 -0.84763 -0.541928 
-1.74596
2 -0.854604 0.116718 
-0.679626
2 -1.22817 -1.17072 
-0.755357
2 -0.905364 -0.795757 
-0.824938
2 -0.957487 -0.609459 
-1.39454
2 -0.758036 -0.202288 
-1.40828
2 -0.263122 -0.762449 
-0.623253
2 -0.899404 -1.06588 
-1.62856
2 0.0208997 -0.267979 
-0.883437
2 -1.25484 -0.251532 
-1.16916
2 -0.287523 -0.918491 
-0.793038
2 -0.519496 -1.25437 
-1.00126
2 -0.425541 -0.430086 
-1.54254
2 -0.480045 0.0220427 
-1.27669
2 -0.117023 -0.631117 
-1.29696
2 -0.25436 -1.06141 
-0.932145
2 -1.65023 -1.50756 
-1.13688
2 -0.954482 -0.180368 
0.0280143
2 1.28386 -1.68457 
-1.35472
2 -0.0920051 -0.626756 
-1.64124
2 0.457201 -1.56316 
-0.926434
2 -0.899984 -0.792353 
-0.595509
2 -1.37254 -0.617766 
-0.989994
2 -1.44104 -0.210341 
-1.83285
2 0.65015 -1.54548 
-1.60559
2 0.0818426 -0.386682 
-0.739513
2 -0.675499 -1.12028 
-1.10873
2 -0.851085 -0.364505 
-1.90643
2 0.116622 0.224911 
-0.96703
2 -0.423041 -0.810195 
-1.57672
2 -0.174005 -0.498045 
-0.445762
2 0.392044 -1.41589 
-0.692004
2 -0.825475 -1.04407 
-1.24842
2 -0.660791 -0.763191 
-1.26351
2 -0.797053 -0.223977 
-1.48764
2 -0.580465 -0.304356 
-1.23323
2 -0.300039 -0.286995 
-1.51528
2 0.147422 -0.894894 
-1.11093
2 -0.464704 -0.499339 
-1.03723
2 -0.967382 -0.51532 
-0.922336
2 -0.622391 -1.01413 
-0.515321
2 -0.871237 -1.25181 
-1.17064
2 -0.0847773 -0.724829 
-0.613411
2 -1.20135 -0.800793 
-1.25562
2 -0.230536 -0.562098 
-1.35256
2 -0.16801 -0.045576 
-1.45118
2 -1.51283 0.184187 
-1.32868
2 -1.74976 0.165852 
-0.989853
2 -0.508737 -0.659296 
-1.44416
2 -0.454633 0.0805683 
-0.870747
2 -0.336921 -1.04822 
-0.582769
2 -1.25096 -1.19409 
-1.63295
2 -0.328135 0.154234 
-0.915332
2 -0.858975 -0.698726 
-1.4308
2 -0.214586 -0.33238 
-1.70005
2 -0.232881 0.124462 
-0.930372
2 -1.51543 -0.248989 
-1.60891
2 -0.923781 0.0808408 
-0.477271
2 -0.956382 -1.16054 
-0.784393
2 -0.304085 -1.33276 
-0.957234
2 -0.444719 -0.701197 
-1.3346
2 -0.625446 -0.153085 
-0.928697
2 -0.588074 -0.639039 
-1.68834
2 -0.17168 -0.125206 
-1.52573
2 -0.111179 -0.351637 
-1.26982
2 -0.18082 -0.402971 
-0.684786
2 -1.38046 -1.42982 
-0.756621
2 -1.19795 -0.517506 
-0.511134
2 -1.31465 -1.06347 
-1.30258
2 0.063117 -0.869407 
-0.897363
2 -0.887515 -0.495122 
-0.934573
2 -0.693427 -0.575113 
-1.1782
2 -0.802758 -0.185618 
-0.729685
2 -1.11289 -0.312809 
-0.830296
2 -0.650536 -0.572994 
-1.37717
2 0.232493 -1.5644 
-0.807083
2 -0.356953 -1.08831 
-0.752264
2 -0.797226 -0.654593 
-1.4014
2 -0.333818 -0.697275 
-0.74115
2 -0.24624 -1.21903 
-1.49595
2 -0.399466 -0.250402 
-1.79487
2 0.201471 0.0757152 
-1.13177
2 -0.492543 -0.415233 
-1.85705
2 0.2256 0.159506 
-0.9741
2 -0.660683 -0.569436 
-1.26292
2 -0.666277 -0.05318 
-1.07623
2 -0.923383 0.00721127 
-1.07624
2 -0.970997 -0.953786 
-1.07194
2 -0.493713 -0.735061 
-1.45622
2 -0.0758812 -0.903926 
-1.53317
2 -0.103458 -0.495135 
-1.22922
2 -0.449512 -0.740376 
-1.18234
2 -0.23492 -1.14308 
-1.14619
2 -1.12516 -1.27136 
-0.747041
2 -0.889029 -0.876349 
-1.15984
2 -0.479868 -0.97179 
-1.33887
2 -0.934953 -0.292259 
-1.21
2 0.0195332 -0.917386 
-0.627251
2 -1.18331 -1.0412 
-0.90524
2 -0.750367 -0.636561 
-1.31695
2 -0.499285 -0.0836959 
-1.55832
2 -0.0522266 -0.153051 
-1.34295
2 -0.168859 -0.427835 
-0.86428
2 -0.488342 -1.13232 
-1.15895
2 -0.963166 -0.203763 
-0.861296
2 -0.823674 -0.520441 
-1.04105
2 -1.06352 -1.22934 
-1.45987
2 -0.549008 -0.529172 
-0.919548
2 -1.38415 -1.45425 
-1.55969
2 -1.22871 0.281935 
-0.97618
2 -0.127237 -1.4015 
-1.11177
2 -0.296193 -0.892355 
-1.16114
2 -0.831354 -0.154131 
-1.00067
2 -0.868885 -0.552281 
-1.23468
2 -0.0430854 -0.732727 
-1.39648
2 -0.728263 -0.343404 
-1.56583
2 -0.436531 0.0964274 
-1.32084
2 -0.122265 -1.14419 
-1.09634
2 0.064334 -0.944781 
-1.46615
2 -0.494047 -0.242326 
-1.54181
2 -0.555397 -0.306343 
-1.40811
2 -0.0495375 -0.85009 
-0.373893
2 -1.48313 -0.81669 
-0.866147
2 -0.901205 -0.720937 
-1.28245
2 -0.670962 -0.549387 
-0.625256
2 -0.639925 -1.14405 
-1.76123
2 0.225092 -0.600149 
-1.29168
2 -0.449456 -0.10362 
-1.37447
2 -0.640198 -0.0459163 
-0.509315
2 -0.968142 -1.11609 
-1.5904
2 0.0762588 -0.0878043 
-0.949995
2 -0.600954 -0.667913 
-1.67731
2 -0.375636 -0.360786 
-1.72024
2 0.375306 -1.00389 
-0.920224
2 -0.776423 -0.983927 
-1.17797
2 -0.209476 -0.292655 
-1.42127
2 -0.303551 -0.317012 
-1.36677
2 -0.0606412 -0.285539 
-0.77622
2 -0.870938 -0.755302 
-1.53889
2 0.102408 -0.385347 
-1.41003
2 -0.0207811 -0.705977 
-1.25337
2 -0.0609853 -0.972681 
-1.3151
2 -0.123238 -0.882533 
-1.39605
2 -0.58072 -0.0422623 
-0.862257
2 -0.818776 -0.521417 
-0.701776
2 -1.27298 -0.473521 
-1.67529
2 0.361581 -1.42335 
-0.747274
2 -1.26407 -0.140057 
-0.56382
2 -0.862137 -1.04303 
-0.863508
2 -0.800164 -0.852343 
-1.60258
2 0.315526 -0.91208 
-0.912029
2 -0.272714 -1.35661 
-0.758161
2 -0.372932 -0.965609 
-1.06045
2 -0.635234 -0.555651 
-0.695901
2 -1.19884 -1.16564 
-1.00915
2 -0.666302 -0.671806 
-0.64392
2 -1.2424 -0.630529 
-0.857819
2 -0.501681 -0.677934 
-1.45574
2 -0.296901 -0.228821 
-0.788349
2 -1.30841 -0.303112 
-1.47274
2 -0.302843 -0.226211 
-1.02808
2 -0.388426 -0.694261 
-0.873553
2 -1.55995 -1.61851 
-1.47521
2 0.0485373 -0.43954 
-0.946575
2 -1.3787 -0.236145 
-1.75668
2 -2.20463 0.71585 
-1.40161
2 -1.70786 0.254108 
-1.28821
2 -0.555946 -0.774997 
-1.14955
2 -0.16651 -0.325124 
-0.566202
2 -1.75036 -1.51203 
-0.984589
2 -0.258255 -1.3514 
-1.04664
2 -0.537893 -0.480325 
-0.574759
2 -0.842322 -1.22472 
-1.53958
2 -0.262116 -0.119262 
-1.24206
2 -1.1233 -1.10405 
-1.47959
2 -0.69324 0.0274465 
-1.18196
2 -0.209764 -0.356979 
-1.01884
2 -0.390672 -0.936614 
-0.630262
2 -0.483589 -1.51848 
-1.32416
2 -0.353823 -0.19892 
-1.14949
2 -0.152377 -0.370906 
-0.3238
2 -1.01222 -1.28181 
-1.41899
2 -0.973317 0.123318 
-0.787874
2 -1.15502 -0.307298 
-1.18291
2 -1.0647 -0.190186 
-1.28249
2 -0.789936 -0.37934 
-0.867593
2 -0.727784 -0.814767 
-0.596813
2 -1.22557 -0.664045 
-1.07191
2 -0.28427 -0.606711 
-1.23172
2 -0.215586 -0.649983 
-1.37333
2 -0.946282 -0.0287199 
-0.833415
2 -0.793902 -0.833956 
-0.585406
2 -1.11121 -1.27666 
-1.72567
2 -0.810489 0.160675 
-1.60508
2 -0.580364 0.081662 
-0.814376
2 -0.923443 -0.765226 
-0.747062
2 -1.25881 -0.498349 
-1.12505
2 -0.24994 -0.735411 
-0.877054
2 -1.16378 -0.566167 
-1.18364
2 -0.0230429 -1.21799 
-0.84936
2 -1.15644 -0.46384 
-0.932812
2 -0.975749 -0.417875 
-1.27621
2 -0.0630624 -0.674441 
-1.17837
2 -1.13649 -1.21239 
-1.79273
2 -0.239402 0.220689 
-1.27695
2 -0.637361 -0.0884333 
-1.15587
2 -1.2152 -0.121131 
-1.57583
2 -0.527082 -0.00629831 
-1.14539
2 -0.874214 0.130228 
-0.916595
2 -0.0888093 -0.984086 
-1.4306
2 -0.32964 -0.311826 
-1.53183
2 -0.990629 -0.00861205 
-0.729045
2 -0.532489 -0.970838 
-1.07926
2 -1.28806 -0.193696 
-0.557902
2 -1.31619 -0.709136 
-1.16836
2 -0.762422 -0.74578 
-1.59828
2 -0.32658 -0.147732 
-0.794302
2 -0.15321 -1.34982 
-0.833714
2 -0.800108 -0.854138 
-0.791513
2 -1.33083 -1.24787 
-1.39529
2 -0.0183118 -0.739752 
-1.03226
2 -1.23955 -1.31399 
-0.660597
2 -1.42053 -0.21956 
-1.00852
2 -0.5941 -0.835795 
-0.99399
2 -0.84873 -0.877996 
-0.635507
2 -0.678161 -1.24376 
-0.520298
2 -0.704738 -1.39817 
-1.36537
2 -0.598066 -0.431212 
-1.30341
2 -1.06457 -0.786943 
-0.53431
2 -0.903564 -1.13743 
-1.92273
2 0.179917 0.246537 
-1.36206
2 -0.553235 -1.00178 
-1.18705
2 -0.489149 -0.456166 
-1.70479
2 -0.124334 0.0507644 
-0.926057
2 -1.02138 -0.328847 
-0.844605
2 -0.90578 -0.367581 
-0.650444
2 -1.23385 -0.491492 
-0.994313
2 -0.212953 -0.567014 
-1.56837
2 -0.254124 -0.230378 
-1.21307
2 -0.189216 -1.11427 
-0.932423
2 -1.90187 -1.7491 
-0.756296
2 -0.304751 -1.45892 
-1.68818
2 -1.58557 0.367528 
-1.26372
2 -0.249794 -0.465076 
-1.19509
2 -0.825474 0.0446204 
-1.45609
2 -0.0717638 -1.05346 
-1.56376
2 -0.0117478 -0.746681 
-1.33189
2 -0.381642 -0.204926 
-1.04989
2 -0.0831289 -1.48221 
-0.833472
2 -1.00165 -0.216259 
-1.1655
2 -0.53877 -0.874641 
-1.53659
2 -0.0274834 -0.138391 
-1.21828
2 -0.424802 -0.446797 
-1.72823
2 -0.280049 0.0511897 
-1.5639
2 -0.317821 0.109022 
-0.92082
2 -1.87985 -1.81339 
-1.73531
2 -1.24686 0.293448 
-1.78316
2 -0.0188483 0.0280962 
-1.66962
2 0.0943788 -0.0291657 
-1.42984
2 -0.113021 -1.0296 
-1.19206
2 -0.133139 -0.48239 
-1.02717
2 -0.879461 -0.788976 
-1.16982
2 -0.624597 -0.0490856 
-1.08801
2 -0.257961 -0.3909 
-1.55668
2 -0.440775 0.167235 
-0.462135
2 -1.48392 -1.47573 
-1.14525
2 -0.819899 -0.361068 
-0.796287
2 -1.3975 -0.394252 
-1.40509
2 -0.226045 -1.01037 
-1.24805
2 -0.679085 -0.250914 
-0.873372
2 -1.63593 -1.64457 
-1.11137
2 -0.6647 -0.455874 
-0.725545
2 -0.972228 -1.19955 
-0.657589
2 -0.526755 -1.35626 
-0.604652
2 -0.568338 -1.4511 
-1.05341
2 -0.593611 -0.484164 
-1.11126
2 -0.273826 -0.37389 
-1.26282
2 -0.0951403 -0.610302 
-1.4575
2 -0.278629 -0.437317 
-0.573845
2 -0.784472 -1.22447 
-0.96801
2 -0.418677 -0.729425 
-1.26386
2 -1.25885 -0.101528 
-1.10715
2 -0.0193317 -1.44734 
-1.3963
2 -0.516042 -1.00001 
-1.48972
2 -0.999575 -0.028087 
-0.918846
2 -0.769565 -0.810149 
-0.718959
2 -1.03487 -1.13452 
-0.519725
2 -1.24866 -0.819645 
-1.10838
2 -1.18257 -0.747718 
-0.622182
2 -0.501174 -1.3533 
-1.08766
2 -0.782202 -1.028 
-1.77485
2 0.0329022 -0.0267982 
-1.50763
2 -0.126431 -0.609362 
-0.628728
2 -1.33793 -0.853487 
-1.51553
2 0.0727632 -0.861827 
-0.872502
2 -0.640689 -0.867735 
-1.44491
2 -0.533495 -0.0538245 
-1.41835
2 -0.0365778 -0.496255 
-0.924117
2 -0.608011 -0.443068 
-0.909819
2 -0.878599 -0.698483 
-0.72618
2 -1.55281 -1.45488 
-0.434132
2 -1.22179 -1.26653 
-1.8277
2 0.157065 0.0658397 
-1.28887
2 -0.31044 -0.807675 
-0.988891
2 0.0905749 -0.987336 
-0.150662
2 -1.33811 -1.41468 
-1.44907
2 -0.551142 -0.0828281 
-0.591323
2 -1.56325 -0.491614 
-1.3456
2 -0.462327 -0.167975 
-0.857764
2 -0.278924 -1.13509 
-1.42692
2 -0.914811 -0.0294347 
-1.90573
2 0.288173 0.167758 
-0.523025
2 -0.967418 -1.09407 
-1.64256
2 0.210597 -1.03088 
-1.35623
2 0.108772 -1.21229 
-1.07868
2 0.287806 0.0413196 
-0.791581
2 0.168587 -1.14407 
-1.46695
2 -0.313396 -0.298548 
-1.74019
2 0.464899 -1.55232 
-0.695247
2 -0.793287 -0.913425 
-0.50587
2 -1.13284 -0.964989 
-1.50095
2 -0.0313452 -0.527123 
-1.10542
2 0.060493 -0.901192 
-0.728535
2 -0.79303 -0.823275 
-1.32229
2 0.0907265 -0.634635 
-1.37975
2 -1.01824 -0.0837909 
-1.1723
2 -0.180782 -0.386436 
-0.792885
2 -0.922219 -0.477965 
-1.04815
2 -0.528366 -0.673201 
-1.02643
2 -0.447808 -0.503067 
-0.406397
2 -1.20044 -1.26891 
-1.97995
2 0.218539 0.132302 
-1.82547
2 0.626577 -1.68909 
-1.37054
2 -0.872583 -0.134462 
-1.67246
2 -0.148883 0.169043 
-0.803555
2 -0.783283 -0.747187 
-0.769749
2 -0.366715 -1.03474 
-1.23319
2 -0.593106 -0.929694 
-0.769256
2 -0.745881 -1.02146 
-1.13345
2 -0.270295 -0.960864 
-1.26458
2 -1.01874 -1.21037 
-1.69337
2 -0.124662 0.131156 
-1.13749
2 -0.337006 -0.527367 
-1.3408
2 -0.168634 -0.286849 
-0.72345
2 -0.956817 -1.07217 
-0.656485
2 -1.08961 -0.757761 
-1.0672
2 -0.139658 -0.99529 
-1.21398
2 -0.965678 -0.367301 
-1.58392
2 -1.40868 0.192711 
-0.438751
2 -0.99321 -1.14343 
-2.05603
2 0.31466 0.378371 
-1.10596
2 -0.595209 -0.379788 
-0.758387
2 -1.87474 -1.84335 
-0.818666
2 -0.89308 -0.582352 
-1.31364
2 -0.398544 -0.80302 
-0.748508
2 -0.759889 -0.687459 
-1.37016
2 -0.267281 -0.570704 
-1.98956
2 1.12413 -2.23882 
-0.499666
2 -1.34419 -0.733381 
-1.82951
2 0.307203 -0.015125 
-0.46732
2 -1.39833 -0.765558 
-1.34685
2 -1.19381 0.0737165 
-0.726741
2 -1.24919 -0.813622 
-0.927503
2 -0.448853 -0.744414 
-0.933494
2 -0.511005 -0.756731 
-1.31432
2 -0.743396 -0.67329 
-0.98212
2 -0.26959 -1.05159 
-0.787366
2 -0.491208 -1.05588 
-1.57468
2 -0.221891 -0.100619 
-1.75717
2 -0.1124 0.132389 
-0.622932
2 -1.07786 -0.796481 
-1.26262
2 -0.439805 -0.291255 
-1.33231
2 -1.46118 0.112941 
-1.32201
2 -0.276181 -0.296979 
-1.21885
2 0.034064 -1.04256 
-0.844485
2 -1.91706 -1.85361 
-1.08453
2 -0.899429 -0.665186 
0.164494
2 1.23545 -1.7919 
-1.1807
2 -0.737749 -0.153649 
-1.25005
2 -0.484912 -0.282327 
-1.01805
2 -0.167012 -0.793908 
-0.987147
2 -0.339301 -0.949273 
-1.27646
2 -0.0640714 -0.638196 
-1.40678
2 -0.554079 -0.457954 
-0.86981
2 -0.593287 -0.800765 
-1.17119
2 -0.779635 -0.469322 
-0.765721
2 -0.580786 -0.911754 
-1.19981
2 -1.12127 -0.0622859 
-0.564871
2 -1.18296 -0.809889 
-1.47666
2 0.0552733 -0.715752 
-0.697597
2 -1.55834 -0.411736 
-1.49111
2 -0.363273 0.0794 
-1.1644
2 -0.0876278 -0.684999 
-0.556665
2 -0.907692 -0.998586 
-0.730182
2 -0.401878 -1.25528 
-1.56279
2 -0.0206151 -0.220954 
-1.06445
2 -0.675101 -0.578153 
-1.33112
2 -0.119213 -0.178105 
-1.12418
2 -0.490931 -0.479393 
-0.908425
2 -1.05682 -0.683497 
-1.9978
2 0.144726 0.35832 
-1.57498
2 -0.133032 -0.352599 
-1.36359
2 -0.207797 -0.231226 
-2.05566
2 0.371478 0.191361 
-1.40045
2 0.173753 -1.11343 
1 ReLu
-0.700804
700 0.117904 -0.0624771 -0.0447945 0.0733762 0.0776364 -0.321609 -0.000748594 -0.0139431 0.00390807 -0.139946 -0.116373 -0.0454232 -0.080157 0.0339356 0.0903316 -0.0039615 0.237085 0.228214 -0.0347926 0.0815799 0.110842 0.0107271 -0.185543 0.166454 -0.0903805 0.77813 0.0297156 0.120286 0.0143384 -0.0443047 -1.32737 0.176436 0.128108 -0.13981 0.391943 -0.0254522 0.410705 -0.0438916 0.0224529 -0.164797 -0.101277 -0.214063 -0.10395 0.14291 -0.384139 0.403057 0.266477 -0.112421 0.0440075 0.190917 -0.455106 -0.18461 0.444244 -0.0777571 0.198631 0.101143 0.595303 0.116951 -0.186873 -0.139308 -0.244689 0.08814 0.428826 -0.075315 -0.0771779 -0.0479192 -0.319926 0.262397 0.0120346 0.0280443 -0.154254 0.0567304 0.679686 -0.0118297 -0.178038 0.0823799 0.01822 -0.0684606 0.0911925 0.802395 -0.348832 -0.111739 -0.0306669 0.470686 0.067069 -0.0965236 -0.0596553 -0.241136 0.139657 -0.0315261 -0.119846 0.453484 0.070908 0.0905038 -0.43139 -0.0176521 0.033014 0.0124553 -0.0358709 -0.0499508 -0.207232 -0.0402851 0.0841416 0.726023 0.148043 0.336054 0.110256 0.0997906 0.822022 0.114235 -0.00847662 -0.0736243 -0.0920462 -0.157559 -0.0169939 0.0932098 -0.177607 0.849427 -0.113489 -0.0053453 0.093451 0.0254743 -0.00647623 0.262931 -0.0236272 0.0855143 0.158122 0.170304 -0.0876986 0.313975 0.237103 0.14783 0.131454 0.0674433 0.211191 0.136799 0.0657749 0.103283 -0.270569 0.124079 0.324451 0.0729776 -0.237431 -0.309232 -0.00606765 -0.142605 0.431624 -0.0800122 -0.196646 0.110364 -0.0623968 0.0784068 -0.23 -0.0111121 0.135465 -0.0850288 0.564886 -0.0416278 0.0319269 0.366633 -0.0650471 0.0843438 0.255324 0.0270288 0.409601 -0.0614753 -0.238049 0.257775 0.258054 0.085911 -0.0772964 0.246171 -0.042425 0.14046 0.135269 -0.106349 0.438454 0.208172 0.341842 -0.0223993 0.609518 0.0999442 -0.140695 -0.187013 -0.118081 -0.178474 0.0573376 0.0686712 0.0715429 0.214276 0.121968 -0.0906644 -0.124529 -0.575554 0.624293 -0.202159 -0.0257727 -0.175083 -0.233585 -0.0269478 -0.155297 -0.115541 -0.0600582 0.193983 0.0725854 0.0160635 0.17582 -0.130782 0.137846 -1.16371 0.122371 0.133605 -0.622176 0.136839 -0.778182 0.0869158 0.0518805 -0.0775341 0.257142 0.147133 0.334037 -0.298215 -0.110823 0.0154161 -0.0697458 0.0702651 0.050602 0.0910056 -0.356743 0.382611 0.0566627 0.186473 -0.142601 0.115776 -0.0477724 -0.135176 -0.0418226 0.00312464 0.212764 0.0558052 0.109656 -0.213547 -0.289248 0.254831 -0.231382 -0.1151 0.0504706 0.0197915 0.189302 0.0529632 0.0719675 -0.0128133 0.078047 -0.248255 0.015488 -0.0371281 0.190351 0.266343 -0.040579 -0.0765905 -0.127087 -0.217991 -0.0672597 0.0453594 -0.00675364 0.307241 0.0153556 0.0044019 0.324417 -0.00705268 0.421399 -0.0676002 0.223902 0.140557 -0.05372 0.177615 -0.0505308 0.382029 0.0589392 -0.694777 0.580066 0.0589399 0.00474102 -0.044731 -0.0403234 -0.206346 -0.141019 -0.196674 -0.0281082 -0.301407 0.13217 0.0802954 -0.0444352 -0.0884096 0.0806917 -0.471673 0.448124 -0.37381 0.103937 -0.0585329 0.16651 0.381158 -0.1191 -0.131227 0.116627 0.235974 0.265208 0.108169 -0.154477 -0.0313214 0.335929 -1.03831 0.032658 -0.588844 -0.0637275 0.634245 -0.114751 0.0709672 0.256738 0.627983 -0.0820409 0.0650891 0.152213 -0.161227 0.0526266 0.172173 -0.219787 -0.0414846 -0.345409 0.180251 0.213291 -0.126191 0.316839 -0.00529643 -0.0166194 -0.0876568 0.0683056 0.0638023 -0.00808546 0.101032 0.0229847 0.491961 0.535862 -0.109876 -0.164279 0.0188073 -0.246552 -0.103111 0.199327 0.101742 0.0207926 0.291465 0.38337 0.113749 0.138564 -0.0961445 0.100296 -0.117018 -0.026442 -0.120203 0.0961404 -0.568803 0.0708062 -0.157641 0.0453829 0.0486248 0.03861 0.0400952 -0.0938666 -0.116318 0.518447 0.0909589 -0.0176037 -0.0720726 -0.0289311 0.0919766 -0.327137 -0.150912 -0.210691 -0.135104 -0.115044 -0.0868997 -0.423287 0.0021308 0.30826 -0.0428656 -0.210494 0.134278 -0.689497 0.119907 0.0875842 0.198574 0.0398464 -0.151732 0.0695994 -0.0626394 -0.121715 -0.0782551 0.225166 0.125449 -0.0162444 -0.550417 0.389296 -0.835742 0.357302 0.298664 0.184192 -0.0778727 0.128729 0.0582987 -0.0451716 0.0411989 0.283928 -0.0340715 0.203959 0.306525 0.0479476 0.122033 0.119765 0.109656 -0.0597504 0.193784 0.0803182 -0.0413926 0.130336 -0.0604301 -0.00728517 -0.409856 0.359236 0.0867748 0.124506 -0.101416 0.113053 -0.00272615 -0.0260029 0.125798 0.186705 0.239808 0.0322271 -0.0990601 -0.0119088 0.582693 -0.0867052 -0.0235674 0.136695 0.172323 0.241288 -0.0661569 0.0927842 -0.29487 -0.0669626 0.0532588 -0.0559032 -0.208045 0.14561 0.0722202 -0.0443543 -0.962332 -0.0712878 0.25073 0.855416 0.504715 -0.142451 0.041902 -0.750005 0.327817 0.0408952 -0.0349815 0.105304 -0.732859 0.168243 0.0237474 0.0931382 0.189947 -0.123683 0.0817851 0.120334 0.0665284 -0.070179 0.252106 0.296482 -0.0553853 0.0543818 -0.0233179 -0.0675479 0.234692 -0.127149 -0.277006 0.376319 0.00801187 0.0814016 0.021831 -0.0261762 0.086157 0.263594 0.0883124 0.169759 -0.043833 -0.743728 -0.09197 0.0149107 0.254627 -0.143274 -0.101071 -0.0587621 0.0884692 0.439826 0.120261 0.203449 0.0994712 -0.260184 0.0700676 0.0568639 0.047943 -0.535029 0.122207 -0.61868 -0.0429143 0.244157 -0.213049 0.0912594 0.00508898 0.136421 -0.531078 0.0987998 -0.194608 -0.206282 -0.0912971 -0.193423 -0.0283166 -0.0351576 0.00292979 0.142038 0.0561787 0.253654 -1.52112 0.201853 0.669156 -0.0131075 -0.0649246 0.239036 0.213713 0.0798812 0.325796 -0.0451583 0.0540737 -0.129135 0.04998 -0.216016 -0.139491 -1.52039 0.530414 -0.115558 -0.254188 0.422024 0.122955 -0.270591 -0.137113 -0.0443823 -0.107899 -0.413287 -0.0438595 0.141814 0.147031 -0.0869193 -1.06659 0.141548 -0.269595 0.170377 0.16366 -0.0922265 -0.0366718 0.090614 -0.170364 0.119864 0.132332 0.29325 0.359352 -0.395602 0.257216 0.15811 -0.239529 0.0125075 -0.412148 0.046053 -0.366243 -0.0903535 0.191638 -0.144418 0.214194 0.045065 -0.139096 -0.0668755 0.0862276 0.187516 -0.736546 -0.0975691 -0.280856 0.187937 -0.0681385 -0.0301912 -0.0548436 0.142352 0.0714398 0.0502019 0.159367 -0.354043 -0.00671657 0.442517 0.388217 0.184069 -0.114097 0.0106143 0.695807 -0.0178127 0.115714 0.00721689 -0.0509912 -0.0943035 -0.0566524 0.358182 0.124649 -0.0691575 0.160075 0.0683804 -0.121741 -0.102767 0.783551 0.248931 -0.209363 -0.0840596 -0.0446172 -0.00898553 -0.0558229 0.0579057 -0.756094 -0.244385 -0.0204294 -0.11563 -0.142125 -0.106541 0.0903761 0.167645 0.598054 0.138559 -0.418032 0.0680915 -1.25202 -0.0684585 -0.209285 0.100035 -0.198332 1.10484 0.104597 -0.301625 0.0759667 0.211189 -0.185631 -0.0181933 -0.0869627 -0.343692 0.0466016 0.0504051 0.022114 -0.135808 -0.050047 -0.0332664 0.362694 -0.179892 0.126941 -1.46551 -0.17763 -0.588543 -0.0821011 0.0106961 0.0025459 0.0969892 -0.054295 0.0842775 -0.0271954 -0.114432 0.0432173 0.126911 0.0810349 0.212862 0.221361 -0.115176 -0.0656641 0.106178 0.0521492 -0.0918594 0.102494 0.0446585 0.0107419 0.0686956 -0.27775 -0.0671261 -0.208004 -0.342191 0.204925 
